0.0569836741984977,0.010206974812195,0.147466638932998,-0.0838557253977515,-0.214546214174985,-0.0889298032594031,-0.0967996515929125,-0.085342556044552,-0.100327700265056,-0.0861440893748784,-0.0392860801073624,-0.0750986483807286,-0.111604966486814,-0.0544945038250759,-0.0458627837093758
-0.0174496783765783,0.142044157725819,0.122432037369559,-0.00959823711609163,-0.13339947159404,0.0773934898953812,0.0308143499613009,-0.0788240832402931,-0.00655331665846361,0.0462229460209075,0.088033051621066,0.0613019436775408,-0.00167139507537496,0.190015740533711,0.315161557051637
0.0707449746100434,0.255738787443457,-0.00263988909445578,0.0808874928067965,0.148216731687976,0.142044512823132,0.138887837418619,0.151524891092866,0.225231845672911,-0.0143440068713366,0.0570809444191828,0.0436305347134761,-0.198536856380272,-0.0574910360915358,9.71267369594376e-06
-0.0862440161078757,-0.243230807603826,-0.749095793240885,0.314507073463841,0.254575491868753,0.142732202332902,0.00993901337939824,0.140644961599358,0.0449626705038914,0.348023907886749,0.00697142214626774,0.349048630323253,0.0178274683068166,0.301599809039554,0.355831152631995
-0.105832188726406,0.0725780132460898,-0.430070339388256,0.0580658684042972,-0.0203957455015086,0.0189572335598217,0.195990962729843,0.043893617320195,0.214690117840501,0.140828964902614,0.141356753309377,0.109097091513822,0.0612369240159249,0.0356917122763453,0.206983066684048
0.0803139374086705,-0.330471714825104,-0.220458391481993,-0.00290989099474669,0.00609243062502044,-0.0221265186654004,-0.15599328439795,0.0409151331931658,-0.131258222465656,0.0246551185136581,-0.0851395978764822,-0.00287887992872523,-0.0708474255150511,0.142540494799927,0.00319625541902896
-0.811758144304585,-0.423149320131185,-0.316879932268243,-0.332327628510096,0.0741011406425998,-0.0698976906184536,0.0757609767842851,-0.0677250325894652,-0.279457795865468,0.180917421199707,0.0954020792435427,0.350787337848543,0.0533418575996218,0.103104805945503,0.337985215086433
0.053613501520846,-0.220902811995203,-0.889491936088261,0.436541721566894,0.488198622970192,0.194653332061527,0.222797520650272,0.267223478818687,0.271230081520511,0.231263339238185,0.0275509293065237,0.285316246646302,0.295222798043596,0.201482550467046,0.410991699499421
-0.0531659005321698,0.120087060412127,-0.0540444359009347,0.0887234779149801,0.113537256182341,0.14636000998886,0.234905536830533,0.172835567306009,0.114835084237843,0.583689030863459,0.708451511152973,0.158933319803842,0.0342924957135212,-0.0401931644456288,0.0359997322379504
-0.23734651003731,-0.0324448742499125,-0.37998731129297,0.363417215738173,0.218137464415484,0.15419103092052,0.319115135552492,0.186813701752366,0.335497053272682,0.184022506703482,0.268979612795564,0.137312919191807,0.438789269646112,0.166180042632331,0.598392507873238
0.670791488454112,-0.133822404371569,-0.316532258299415,0.0758683009208257,-0.0508927783149279,-0.161319421714838,-0.000587414386092211,-0.349376505527682,-0.644197346826657,-0.0980783024032978,0.295532399846218,-0.0656081955898443,0.245374729926768,0.0974771507406789,0.335229042383896
0.350581959406794,-0.0417984349507053,0.0293743368358075,0.059779618800489,0.0821144610192995,-0.0739418747121309,-0.0307627341888173,-0.122824771001408,-0.107545644545578,-0.0717072398113516,0.0628161024884325,0.00636558071447388,-0.0381375496744904,0.103670735651715,0.266161384539458
0.0217312421506391,0.0018231896594863,0.0726277327450801,-0.0397276832260284,0.0656109081975428,0.0615101301248709,0.0124027177224514,-0.0195056958509724,0.0928901546294894,-0.0197853933524682,0.133857091811357,-0.0182114975550065,0.0908528553331514,-0.0839213119796096,0.0246193475630269
-0.0578014048710396,0.0443228036202411,0.0386040268130516,0.0307365038417099,0.00757065761448317,0.0788696902165884,0.124233019838392,-0.0171988057936472,-0.026771145492311,0.00487320893058119,0.0228111719092015,0.110606399434261,0.0561951174206539,0.071658433641385,0.264698493592968
-0.708114843461757,-0.0846678674344021,-0.13411978747446,0.0911405571409674,0.221357736935879,0.176532954936332,0.480160179393071,0.0473935092051966,0.205226910593311,0.0645494946339838,0.200814554518386,0.243318144232318,0.325618157794404,-0.0343677164463797,0.547137603676424
-0.0681374251345928,0.0358817161986542,-0.00601668435439865,-0.255822189685252,-0.236741204172942,0,0.0951905275861336,-0.0877056769830497,0.018263861525382,-0.00397896420937537,-0.00642363122661421,-0.0987843475161309,-0.0713394346613106,-0.076705958796574,0.0595665414629899
0.0555919496007776,0.0676463324287655,0.0257793366472782,-0.0269847872175765,-0.00663838694771158,0.0589905914089067,0.0811520601828441,0.00731677762006976,0.079287555438134,0.0731744895393135,0.14947306018091,0.0537796393269067,-0.00733970308601862,0.0165555896298011,0
0.0414407794923796,0.040976278770748,0.114518317516929,-0.0942195077315734,-0.0646573603177313,-0.0725566340821488,0.0628759206839751,-0.0750842979460631,-0.101903164439983,-0.265936555436624,-0.118454019381555,-0.0688616188321605,-0.0949286969573061,-0.240874070708926,-0.126133501249046
-0.0522999330419858,-0.0235213905545871,-0.458561338047645,0.187680234343505,0.243066204830809,0.159642576836406,0.236681832770894,0.408813156858248,0.228887779851129,0.163324713481929,0.226190154161443,0.0986244189071367,0.0157018732542142,0.0135380416476596,-0.0948651751387654
0.0511322781382596,-0.0664901511001405,-0.142695988871635,-0.0489506729353878,-0.0431137105046238,-0.00866298433885851,-0.110038338973065,-0.0884661899441909,-0.224148375068555,-0.136932696347516,0.0407080441703848,-0.0647784351559886,-0.113134709445533,-0.103856413848713,-0.207390097222875
0.0458290290170884,-0.047824088412007,-0.0659068722797191,0.125915603857595,0.163583967326888,0.103323185655581,-0.00069317527703119,0.112097632184376,0.162210170051447,0.0532398824163932,0.201938574406215,0.142724951586006,0.127937581047297,0.0209932797281994,0.140533386817125
-0.0106316483610782,-0.0397578808977754,-0.0513205672475716,0.0369913056213148,0.125272358470622,0.111789388272949,0.139966385430701,0.150459738011113,0.372919703428942,-0.00571392450745298,0.132014221661653,-0.0523653436300514,-0.061785715698389,-0.13273258636765,-0.160796621475941
-0.0412249079940915,0.0376247916211893,0.0721025711234682,0.0757228476717572,0.100323097114197,0.0456916427494971,0.0567476613906127,0.0784370528646276,0.0807368043777068,0.0343073578683061,0.0909573907189264,0.00429114266545099,0.0180460143703662,-0.00388568944889257,0.00330956061549331
-0.0518948377628041,-0.366133053997314,-0.454849239598854,0.033910951118292,0.126668724803602,-0.0418729583675655,-0.18862209858716,0.113377330330143,-0.0823077136688648,0.00575736064382785,0.152770991189311,-0.153704129011071,-0.0249142013232604,-0.222750081087063,-0.14759514066099
-0.0645117998035652,-0.429671489783432,-0.349911526676491,0.14768207931618,0.0520943432830412,-0.180006366883466,-0.34310121521149,-0.011880733311614,-0.3012569205313,0.0552993174999592,-0.183312982408424,-0.201237361631708,-0.112801773607877,-0.268551025664223,-0.129234229710752
0.00745516219525102,0.0561566447736809,-0.525701276619378,0.593287076173951,0.594990897414856,0.146768257270417,0.0457721185481626,-0.957034510842433,-0.707967349597479,-0.0675077947175292,0.0507728638333992,-0.135798534671826,-0.0940135971238976,0.189766686364601,0.518414309627482
-0.0892512056560509,-0.264321957220799,-0.47317387780469,-0.0796594087762989,0.0165835675753398,-0.127268983945951,-0.114664081724578,0.0448973773923166,-0.117066818283785,0.274845733043337,-0.14212959251833,0.126145874704719,0.315844246879634,0.685945403102448,0.626854628885768
-0.146752724242113,-0.0296777982659653,-0.0248569168740238,0.106864396853121,0.323846844509846,0.0849058538656,0.404128562010482,0.291819438008922,0.521274674266759,0.0765543079511283,0.0268218647889513,0.321211339496765,0.585483484631388,0.244944151203927,0.704377750997459
0.0354815678531843,0,0.0176910476067507,-0.0137729359253968,0.0194956905969788,0.0275556827131437,0.0323425274291552,0.057708260879114,0.0497907225025091,-0.0114999997302317,-0.0141026306391773,0.0902303251004117,0.0436791232350557,-0.0216422747687499,0.115015847691408
-0.0851728488259126,0.0302924861613446,-0.111267382001371,-0.147350356958049,0.0119540595308631,0.015184574274527,0.0851853119134965,-0.07224863204654,0.0917076999057929,-0.105318762768224,-0.0214386492728356,-0.0240337161896365,0.128595592530405,-0.00269178741640205,0.107469148618079
-0.112216177725064,0.0926979965788429,-0.0681143287612153,0.083377446199982,0.180638764646893,0.12523115237587,0.202492531125321,0.0977572862164353,0.312051635444563,0.0272227415355405,0.0482544323470641,0.205837510136566,0.225229890821604,0.0874633035863388,0.255291243666871
0.0895089627286447,0.0471029876216556,0.224773455528155,-0.0788580818102232,-0.0542190904168317,0.00404213634874582,-0.0507664266592728,-0.000339230709398613,-0.0545634123890829,0.0390533493242827,0.0244694146534096,0.0140690465234183,-0.144197600489522,0.00938096946708464,-0.115241877978535
0.0283909028103564,0.0281598315007793,-0.0766577464689056,0.0569600517731109,0.0869456096718748,0.0130130792378883,0.0189303468894388,-0.060694046983961,-0.0897438605033739,-0.0172015240564576,-0.154788749081497,0.127507277061383,0.0144297977059449,0.120615819281789,0.149687895556977
0.00514848393911049,0.0954969825180859,0.141915416063387,0.0297854463711581,0.0541592448986271,0.0584170264802044,0.0625596898210291,0.0191499911149997,0.0558626429606375,0.119984936595533,0.11827706979325,0.0473047694552953,-0.058615038206201,0.0288425524248324,-0.0284449955420334
0.0546491852161384,-0.0274978348887533,-0.104673648244111,-0.0522351495629647,0.0335047926733463,0.102642358934238,-0.0164913143897807,-0.0589396083561376,-0.0738090411003358,-0.00518870213366253,-0.0240182380436267,-0.0174803488270819,-0.0718029886701965,-0.144776481788804,-0.14044934350453
-0.0213974136490399,0.182787213967544,0.0579725814083875,0.00794923749653153,0.0679052889070652,0.0934456386893652,0.18290015244193,0.0285025438683396,0.171370747708997,-0.00393080817752795,0.0442450496842981,0.0554928232601758,-0.0941259145647483,-0.0953099210963132,-0.08458939840873
-0.0677974417615406,-0.153262739674452,-0.223566739790493,0.175222150306052,0.271337484239912,0.0929410001142747,0.144303940023023,0.0941784560775093,0.0384067883388488,0.179885729247081,0.195340600284022,0.182898922143271,0.350399769972448,0.143529266531885,0.467927102256531
0.0979378509470468,0.0108452545454913,0.0649120841590411,-0.00661125393690556,-0.0581814735447859,-0.0418137757503703,-0.162415802021353,-0.0907147661885197,-0.120863440434466,-0.233200720254844,-0.155888961778457,-0.124174886978458,-0.276191581891379,-0.203967192742042,-0.172050578897656
0.0490140231079672,0.0749056146959636,0.0571619086664758,-0.0808541514101799,-0.114638023434192,0.00433155890806652,-0.0386109080435511,-0.00540926805438209,-0.0106514210375521,-0.0228026136264055,0.0526300396931089,-0.0177210145965438,-0.0814374783363406,-0.0798284288536031,-0.0834175035342165
0.098895972870573,0.00786306552498365,0.00691220331491933,0.0925697685900802,0.0270963957359959,0.10648774863962,0.0762452104034523,0.0769950614595923,0.0286700474216974,0.0747953567713817,0.0364527494398858,0.0443742708325233,-0.12077215692156,-0.0463224229547754,-0.0383482614411994
0.041210281638269,0.997121697065767,1.0577926395477,-0.0628305434674766,-0.0736456808542107,0.400261924280371,0.605145403771243,0.183913449672645,0.935662850952538,-0.0753227901634041,0.340944327033408,1.12026244634741e-05,-0.185143133394039,-0.4138465134813,-0.445641292914915
0.0597196758151727,-0.0374675729474331,0.136994733320438,-0.0589068470080729,-0.197502190163164,-0.0899546839807004,-0.123153136238636,-0.153771120823545,-0.118354008021715,-0.141863234665088,0.0284245377544313,-0.164076454845706,-0.201233217635023,0.0510524038445741,-0.0203674212516096
-0.0359847065203466,0.0418725259126558,-0.246670355863841,0.189999726812333,0.312562918789646,0.236906709829755,0.191677685439714,0.268305129971606,0.16051442363996,0.154198333967633,0.116951385154796,0.0690847999552762,0.0260705938630522,-0.078275360943509,-0.0801450103175342
-0.0325183660833606,-0.101510401475094,0.0294636598588508,-0.113137845505611,-0.0215302941207596,-0.00202052938217731,-0.0516206443486173,-0.0449189825983253,0.00105197410099399,-0.140219002680652,-0.0313270291741365,-0.0599713603565027,0.0433885339214103,-0.0656858049718497,0.0306158373577222
-0.101404966303413,0.105522675711058,0.235172668426265,-0.101479873565858,0.0292610381612419,0.0244249705568791,0.18857112434583,0.0159073901578533,0.108307250385031,0.359446047183389,0.645500779045895,-0.0482691537742505,0.0478828554174509,-0.0274749240690158,-0.0750146566181351
0.00790507611802264,0.16557071134647,0.177874539059045,0.122937055465077,0.109760170832044,0.0286739713224285,0.123839355604612,0.0689344855594858,0.170714270148799,0.139078064457541,0.302994160812092,0.0975774668253054,0.193979089697225,0,0.0299252510433963
-0.00910180068692868,-0.00257144400081398,0.135738469948277,0.0210950190842781,0.0769629452005922,0.0559728516393054,0.103297210861144,-0.0255633477647238,0.0969529624763317,0.132461038414693,0.137746737849789,-0.0297438261008208,0.104815951244761,0.0662630980874929,0.0197873165410068
0.177106571801339,-0.280621131641666,-0.318142819607446,0.32268550554809,0.394548895977395,0.129529132170238,-0.00561599800759121,0.170454365610285,-0.0619847772436641,0.117308256251909,-0.590369996070525,-0.0095813615480985,-0.128816356701059,-0.618934071313239,-0.486723126228983
-0.051673815278212,0.0190117266111866,-0.0607205720648244,0.00819066790927355,0.0892792169067942,-0.0103843973376228,0.0702363058843512,0.000704853324229728,0.0330392142805358,0.0641579506045749,0.0716088980074154,0.0315862619529123,0.141094283957961,0.0378961981306991,0.194811314765095
0.130046632005411,-0.726477528298592,-0.723138789842088,0.377480405784755,-0.00416880222707616,-0.133317172815793,-0.590610374659516,0.155636847507176,-0.463535078829327,0.265448185174028,-0.267272605041451,0.279196938737081,0.102887154418114,0.544631253906918,0.445475907697186
0.0540630746447257,0.1508560088109,0.311286479529844,0.0952997765641822,0.0573225623532331,0.0741953071358162,0.0601254952125056,0.0333297505424709,0.088526491850809,0.0414868686989467,0.266227839977814,0.117579147579374,0.108702353622405,-0.00704150780995374,0.0240059034725329
-0.014879941449623,0.625231607486169,1.1069176926875,0.00731776587013631,-0.0998228319484332,0.0327920626285433,0.0388695694816404,-0.0806700972299454,-0.00578890181811436,-0.0268252084139986,0.874168772159018,0.0249627287678886,-0.080331699704552,-0.0638678211411958,-0.114110107666809
0.0664847865052473,0.113581499617249,0.129409136534871,0.0139138459792146,0.0195935441575635,0.0486843964143485,-0.00301910021879715,0.0498024980862061,0.122278769437502,0.313151812183877,0.448531856780673,0.0735949294848524,-0.0339556567380611,0.0155738721573059,-0.0142206761340525
-0.299781873076271,0.209745906755625,-0.167402155042428,0.547489704083717,1.15285343972168,0.372884437332364,0.974295388016017,0.0190723603895187,0.0396572642662078,-0.00450250302490024,0.0690358164290839,0.179086140647358,0.661586585659627,-0.00485206795212219,0.460112772121453
0.0987737877193111,0.0347428044123116,0.20581666544046,0.0319379078195314,-0.0936533714810883,0.0146191102802524,-0.0249593134986157,-0.0150296854025985,-0.0682654435307688,-0.141891671903145,-0.00699876023344849,-0.0378122829840557,-0.0239950528770163,-0.132883464472264,-0.123485128430662
0.244589346877169,-0.250280401600669,-0.803798473853726,-0.0706990982869272,-0.414327758275271,-0.180467555123938,-0.52662828861519,-0.566223374557883,-1.21830811452707,-0.784079111644208,-1.20363620153469,-0.332916140508943,-0.490902849804474,0.813351664898595,0.942267503652152
0.0190623173062692,0.0321003724334322,0.137744437875781,0.0299154510460182,-0.0195420235160321,0.0191656559085956,0.0129824618089017,-0.0922786608417784,-0.0233472433014633,-0.0698433843481025,0.0189050122690813,0.00646548999846746,-0.0225954999977687,-0.0525160901353013,0.0433812320292546
0.0550319876811005,0.0353267990095398,0.110203658515566,0.0876306389971413,0.0363110667885759,-0.096045605714641,-0.00127801944589522,-0.0627080209473427,-0.0261563235456549,-0.0580037041879815,-0.0274965549196463,-0.129429168809646,-0.0538547240825674,0.0901904444297991,0.137801137724452
-0.0359523731028893,-0.181220594918534,0.0459824178084078,-0.0639675368825615,0.0184736448916307,-0.191462279981804,-0.111435652353057,-0.00837545490705101,0.303903314019377,-0.00779488448726444,-0.138458443922543,-0.26992800294681,-0.0269235078772013,0.298656519715541,0.140933666947283
0.034524237144807,0.041628761141243,0.224224466418184,-0.097497615708568,-0.0212111781338032,0.0180184832017767,0.0512248263837585,0.0107364396463707,0.0573146159439464,-0.0298388847408204,0.105170234416825,0.106713799920264,-0.0352566165626317,-0.0394236012364948,-0.0363179412355068
-0.032598490209222,-0.353719820677222,-0.217913746340715,-0.00943277622646877,-0.0943291131090206,-0.109349027115122,-0.209153006700941,0.0675035526157345,-0.034416719228798,-0.136975406153027,-0.202478153114691,0.0603252715425564,0.00434944168438648,0.681180643346201,0.44930914681578
-0.0760263471585701,-0.588464361074569,-0.569414911912009,0.16063616136818,0.166367904269952,-0.0632027817721339,-0.450047017825494,0.14602287923138,-0.480356942495304,0.114876774924048,-0.387226027752429,-0.101601150833224,-0.226563473258882,-0.318437573964144,-0.121777860081149
-0.0481634117216132,-0.43776742757403,-1.55902715172152,0.236553164146727,0.342059391857492,0.0598966782609845,-0.271914870441955,0.316944219440946,0.0242954306692775,0.00777955440375264,0.0666760902991132,0.000926299819750278,0.0904878836376569,-0.195245370601916,-0.0207695262329173
-0.152563426783453,-1.98770880878947,-3.04306895673653,0.649329676070661,0.570848149981063,-0.0739864614267492,-0.746943030033378,0.0781789706884921,-0.940568501335495,0.174010455012167,-0.594716079929311,0.0248716167482454,-0.114631019867764,-0.535684777045026,0.100912198289365
0.070522882666023,-0.720714769103615,-1.06535140281611,0.209007850894139,0.310790075317639,-0.0629660653269313,-0.533960570084223,0.276430552311298,-0.490866259360626,0.228012096558043,-0.548121007372475,-0.00584924818484015,-0.0141336020407764,-0.129622536872626,-0.100687251295047
0.0335493085991399,-0.0174783054778606,0.144276897338645,0.0931744135888937,-0.0266056528900792,-0.0689865966207615,-0.114624106088785,-0.0679734372415904,0.00396174852024368,-0.144252413982086,-0.032077622143752,-0.059836285514537,-0.109557597076673,-0.0801841839332296,-0.0852886877696538
0.0115462560992,-0.084985433906804,-0.204070647079863,-0.0273847042057158,0.0681425795547141,-0.0553421429446963,-0.000216530480721235,0.0327087248854663,0.0797313904740025,0.0130209555548211,0.165119093234782,-0.179069595605826,0,-0.13676080514637,-0.229841291996981
-0.173019859213237,-0.502955558700237,-0.183230098219406,0.0436308287327471,0.00194224813305201,-0.195699490016862,-0.331660688021162,0.139625594794718,0.0675182892590238,-0.0158930680196126,-0.107848196458096,0.111934203606539,0.167539824583454,0.86951249999319,0.598910744579123
-0.197509149878783,0.694055541539355,0.511206491947304,-0.184116390912552,-0.042233647904937,0.444294177324644,1.07459535019761,-0.352795817099753,-0.190027964701189,-0.369880446383829,-0.484711944002315,-0.15397062491668,-0.149798588592766,-0.362568263259027,-0.754480720468206
-0.0317553856080153,-0.0455364903757315,-0.00651297333305845,-0.0707644783956655,-0.0498115633400564,-0.00138854352481499,-0.0291378541494137,-0.114883163369845,-0.0981260044529194,-0.0853761854706432,0.0788286344172281,-0.0416687984608532,0.0279137808990879,0.0958192316755075,0.1497972069829
-0.202312424366853,-0.163828960335851,-0.28134811061371,-0.318982012882218,0.110933997512659,0.0563894325673268,0.278402968862733,0.0661329590911455,0.431667986512977,-0.315130205809353,0.210565764107804,-0.00586263646280439,-0.0911825061261647,-0.365242302925494,0.548020340060956
0.075087991880755,0.196178486063923,0.50257183542226,-0.102370243798476,-0.195605993294721,-0.110244940097949,0.0363684199707891,0.258772889359203,2.95547558635537,-0.296622465251291,-0.271601410182956,0.0588826316909318,0.0370011650164514,-0.158938301092433,-0.297776711645948
-0.0880609246817094,0.270404446199638,0.130169122206142,-0.150921403883609,-0.144204212858844,0.0768500305167441,0.0969898372085934,-0.150457349581411,-0.217585408971096,-0.220077228663496,-0.155724677325641,-0.209450317185161,-0.104319872377672,-0.356737559064639,-0.205242374511063
-0.0777930074719748,-0.162002091074959,0.140695127001549,-0.100360749700868,-0.160473928667559,-0.10788074563286,-0.159668403406884,-0.0421926243760096,-0.123844826245695,0.184422951103102,0.0150288171457628,-0.0532635795002323,-0.0760343077382711,0.322940302560469,0.354922446245854
-0.000312290674107018,0.0687205320318422,0.101142029596949,-0.0413701333549867,-0.104312636626589,-0.0989949604090072,-0.0385381157040311,-0.108924432349156,-0.0797019332488419,-0.145205029203482,-0.0195980158219663,-0.0796493423963324,-0.0785829324261004,-0.17295633892468,-0.0141643580870256
-0.304136301300004,-2.2948567367848,-4.01566627008341,0.619577025456287,0.639528806522988,-0.0605104920250727,-0.806326831078327,0.261824501982087,-0.684156825918071,0.412400298585622,-0.619957873894863,-0.0311098223300786,0.0195690382370014,-0.440758317259556,0.132342312594023
-0.0158658331605465,0.188266790246459,0.400008970196184,-0.255446729965971,-0.351570364121363,-0.200799921675029,-0.267913565960282,-0.217467602999873,-0.136334293866044,-0.137060589975721,-0.104404804414404,-0.242175209730034,-0.130204808663955,-0.0332513235801198,-0.119650023637938
0.120996708671766,-0.586389960016266,-0.677027923533727,-0.0168001851587453,-0.0777708064518358,-0.238708685010133,-0.452755989454193,-0.127646809286379,-0.52770259946055,0.169917145217395,-0.819470253868092,0.107448233786454,0.137873903099713,0.637916819774192,0.404568709374577
0.0743170925402674,0.0107360481203702,-0.0354298261076721,-0.132308462983179,-0.135902831465269,0.0364461728533671,0.00251427678351221,-0.179032867130669,-0.160047161805332,-0.163071929855103,-0.242058744840287,-0.0150555666569528,0.00058533067027385,0.210714895248466,0.0963542857223547
-0.201455910666869,0.193586093606126,0.145527563757931,0.163228124562876,0.0860719884163883,0.230037579865546,0.158674772751562,0.214974563414874,0.276731573136705,0.284473994658756,0.641517167886025,0.018310020405426,-0.0509782337075393,-0.119210491508442,-0.156504601831463
0.26766866224204,0.309899601141038,0.371006572831579,-0.0868191692182722,-0.398815714684963,0.00777388895814318,-0.0999625685398868,-0.103049025908475,-0.232084960628644,-0.141178583439142,-0.118573439014636,-0.0789150392466368,-0.229350988938121,-0.0925154528961126,-0.301237317310149
-0.0255553467746514,0.216185822176187,0.156672955990701,-0.0892269534870573,-0.054337313646293,0.0815361858032835,0.213298986534007,-0.0515841363848601,0.0132702522862484,-0.104638642881184,0.0535360840483276,0.00710392710180975,0.0250273381888424,-0.0695188041602208,-0.0544322332706456
-0.0444652013393035,0.224975623248091,0.62704298856178,-0.0771650566980468,-0.104859412776506,-0.0213871550476287,-0.0898014347944964,-0.0981477790257767,-0.0869668193561881,-0.111329376832102,0.0455890542169783,-0.00778066275695283,-0.111889076038596,-0.0845022051093009,-0.173340651876082
-0.0683215426302639,0.0865666555079616,0.329275705581904,-0.0445310019237151,-0.0320865438296406,-0.00753454055767226,-0.0447151309854633,-0.045469178059152,-0.0136968544716689,-0.0341536641938932,0.0911613484807997,-0.0468369505648025,0.01469300955094,-0.0562519932988406,-0.080428783152688
0.0806160326480876,-2.92829069977113,-2.65376105634501,0.256920026976177,-0.0115875888501136,-0.845674911822471,-1.86310333708903,-0.340206459650018,-2.3706008003603,0.167955137996056,-1.00057359718742,0.164284866225205,-0.0707138619848807,1.02457137032985,0.639540667658309
0.138394706916264,0.368707999564837,0.156577321735784,-0.068702410741316,-0.0809212572957619,0.220773422050366,0.43909283313432,-0.205226923695805,0.0396120750575342,-0.24716560891677,-0.630566092799297,0.220564619680091,0.140525675737133,0.216622755079922,0.109357435687081
0.0209111616487105,0.020995142589991,0.0387301688464982,-0.0282343197518003,-0.09901102511754,0.0148592718470849,-0.117129567376898,0.0380802810799912,-0.00894619576074491,-0.0233819303473863,-0.0168975723774307,0.0428315688598351,-0.116621792486997,0.0347975255704207,-0.0510635488929213
-0.12635127897017,-0.278118048596771,-0.384147142556831,0.147096176756842,0.174757475731741,-0.0311489660970411,0.0453472687023939,0.0949152865308498,0.0563794822179468,0.221525995955165,0.125197145679947,0.037974402246957,0.297844807433286,0.153788457347318,0.352062056709366
-0.054841802377282,0.226422228513598,-0.0904353671338942,-0.0175630278633069,0.110070158764516,0.229934087890697,0.446693531542673,0.222009195802555,0.36336624076483,0.208562436322511,0.306585517370839,-0.0311048204491569,0.0058647814962814,-0.205200046338633,-0.0157778785250606
0.0391232997462527,0.295526061250708,0.0946805643656513,-0.188558613639205,-0.347042183270257,0.591160552949434,0.929644046343301,0.572574560363175,0.63850265504442,-0.707036041082149,-0.857237666829634,0.039005051477437,-0.0633111516270848,-0.262437947798246,-0.356842601959471
-0.0219754437533715,-0.156361257249925,-0.113091505709815,-0.0151235796883213,-0.0377287542712976,-0.189743206938715,-0.104561529977592,-0.138485108144812,-0.0685433717825489,-0.0564592771446792,-0.0287823951533029,0.0139548545270929,0.0467933122228734,-0.0613618285336751,-0.152658411282
-0.0245322415944672,0.10954263395601,-0.0521519260774802,0.195859976342689,0.061060082977533,0.0632145316731193,0.117014459930074,0.126310577464959,-0.0048925675396805,0.0273706158586413,-0.00857845830367215,0.0588656135863298,0.144673263883403,-0.0627006327385598,0.0176396857804294
-0.0599162980886275,-0.141461365413651,-0.262038564970295,-0.0357763087737906,-0.0572565310251913,-0.0252506250782583,-0.0659401057552501,-0.0793567134683408,-0.298068516556934,0.0277537349915919,0.00828547218107467,0.00559738138651293,0.00576980169314918,-0.1083788996812,-0.145723425824273
-0.128026490069807,-0.166095378178706,-0.473625241091765,0.356237692493894,0.37268702850881,0.0581342660180262,0.227074756616775,0.244530141802145,0.178799346617011,0.345803383714685,0.159366553353015,0.288720706343022,0.243736382900098,0.120692072433546,0.194939279087117
0.0526222389555604,-0.0365492275272286,-0.042805652664931,0.0186584188868567,-0.0475279728861311,-0.0691806368243379,-0.0728164104517515,-0.0273412137704861,0.0164441698678235,-0.125077189376718,-0.0124509426855027,-0.0442412413855038,-0.0269687719884252,-0.11910450821301,-0.0314812827416243
-0.0586056374936222,0.339947305683698,0.647882991240643,-0.815398704637573,-0.8812099938999,-0.0283700386887224,0.647228742879174,1.01407356375312,1.36526884384941,1.45468393654709,1.35954655338632,-0.900716213018046,-1.57813351944913,-1.01974580375104,-0.925590538117476
0.137465207269206,0.164080739904236,0.0846609178307372,-0.0222972249390167,-0.0894989294261648,0.0327747372133364,-0.090749925626694,0.0100044282361862,-0.133604759746504,-0.0412929459661439,-0.339233876063628,-0.0657338917969943,-0.190491132952622,-0.132036771682425,-0.364525001335955
0.0636451179940985,0.0518228746270972,0.2095034195836,-0.0438696596681505,-0.119889684990841,-0.0512166957658078,-0.143864306304875,-0.0319061642439564,-0.0924741256136417,-0.152994346720283,-0.026372580630765,-0.0365586147551316,-0.0291639629902179,-0.0882717906874808,-0.132848121953092
0.0522184481635291,0.00221867812492338,0.0451445221758603,0.00730554535144489,0.0515638567283594,-0.0235179373543457,-0.0485092372121906,0.0427749197270043,0.0316664796902971,-0.00288328444622963,0.0985763713616487,-0.077671180555852,0.0191079751767301,-0.0779528890619037,-0.085428164346255
0.0455476426758379,-0.136407668243887,-0.111755936891947,0.0396206502681939,-0.128555128631639,-0.145064439180156,-0.12412281714508,-0.0361081624420566,-0.166682078771321,0.100820546727757,-0.0498002452140489,0.0461279296878444,-0.0824307331514667,0.0399177258650764,-0.179938724336066
-0.127847668283796,-0.0308469243020833,-0.29761342317824,0.0177355743169053,0.000252313431674073,-0.0479687980027411,0.00887021743839091,0.00853169868910899,-0.0208282108173669,0.00616673272157829,0.0171204704576457,0.0558113661679308,0.00897208276072234,-0.00383224791441407,-0.0564168741172608
-0.0158940773497441,-0.00782023099688951,0.0345892687068155,-0.0662567198256819,-0.0467332517055988,-0.196294380932238,-0.100833122888142,-0.0681399000621847,-0.0379086702528482,0.135015553397512,0.0738204318872589,-0.126981118988282,-0.0539464555749652,0.129403730293315,-0.0765293297613477
-0.0220343315351184,-0.0349063466338129,-0.0355601153456117,-0.101032572939765,-0.0427333161006003,-0.0750569904850815,-0.0420078135891397,-0.203202399241926,-0.0451008937213446,0.0190634936197057,0.255132270859523,-0.106866407155488,0.183157701977989,0.0323627852740054,0.179988777134414
0.587880114445445,-0.217584904146108,0,0.177647058399938,0.451099612287247,-0.0321520998514219,0.308172013978087,-0.347772883824267,0.34557598054828,-0.590824027694764,-0.185380727766428,-0.295843953966429,0.664536165470648,0.566254355824092,1.08355706106766
0.0665742492391312,-0.19024625854947,-0.313869527237528,0.115636125878623,0.324220128635929,-0.00728585192273862,0.0989647665810015,0.0103748832386334,0.146177679826251,0.0878713558639176,0.0846847357118258,0.101344355372253,0.186129930869339,0.0686971708227795,0.163440204636351
-0.165369169697503,-0.968983456405805,-1.03171397163929,0.300392419671428,0.342500976524746,-0.00624874552162946,-0.497613010716729,0.113527602161238,-0.598704696902327,0.135069552761816,-0.365027394587663,-0.0473012969769291,-0.104533227272849,-0.425906439166478,-0.0818921058317455
0.0447865421635987,0.214256391350891,0.432614196409343,-0.0334625438666438,-0.0922698189918794,0.0866386002837006,0.0617618994456788,-0.246107654544445,-0.0759243462841309,-0.189012657078187,-0.0448605856758772,0.130212216184126,0.0272172117099466,-0.097876033063863,-0.0908829009817804
0.114064768022937,0.205713019887387,0.240124029819187,-0.0065714447966704,0.0255600028486368,0.122098464491941,0.220083730374613,-0.0929883089958017,0.0602538558451041,-0.146302022847489,0.0719587238539867,0.0114056477376086,0.126942615973544,-0.0762323908146638,-0.0254895379663467
0.0830513074458017,0.0906143732488082,0.22979549281039,-0.0949887784721196,-0.203854278901151,0.00853818726590071,-0.0855953219365672,-0.0807067397222437,-0.189695180961928,-0.15209281070316,-0.000293974814824089,-0.0958771976648247,-0.237671721108505,-0.119735881825767,-0.236562184649591
-0.0328760518520048,0.0271734164382793,0.25441024161655,-0.0467460725359546,-0.235545614786327,-0.0883889058549938,-0.0919179233762472,-0.169654211527838,0.202474973630892,-0.135186521517632,-0.038145365539999,0,0.0431695047070736,0.432082172475004,0.5942849396781
0.0215025150521291,0.0398930862491297,0.0951576305746361,-0.0790517560541107,0.0103431777785257,0.0423464282202294,0.155751109862052,-0.123000392815912,-0.0531767529112115,-0.0496175734880389,0.201042935275935,-0.0213368346152897,0.0751536567488255,-0.125085420711437,-0.0142992036948561
0.0838953942307478,0.0408475568069717,0.143828982233469,-0.0450622191872795,-0.0574059878268008,-0.0259988000621677,-0.0173363598963705,-0.0994219836200818,-0.0130347395537659,-0.282572314750406,-0.211694174190891,-0.0932308703302568,-0.226044495693043,-0.135277142009605,-0.0859386713432185
-0.0335140469453814,0.0609873044929302,0.0950904123988179,-0.0932859989493229,-0.0517258924527288,-0.0072132482189761,-0.0815872879137792,-0.0217358207811251,-0.0382965286268104,-0.0689688590084509,0.0742456571200688,-0.0462070589523002,-0.00964972866232125,-0.0390147665636487,-0.0815337240543046
0.117301886591449,-0.112195012598153,-0.137181284372212,0.0912106504133381,0.113007413366549,0.0400997901186853,-0.0265444923436764,0.120415692790342,0.171203849262681,0.00408449589416047,0.00700396532956964,-0.059416765276245,-0.0409515306023489,-0.293468092209919,-0.323107997462606
0.0938927275220805,0.199343976553206,0.615627215951595,-0.0693598746081609,-0.0953417752833959,0.013527092202181,0.111108320658738,-0.141045189475962,-0.153819537261082,-0.209471709088492,-0.162556849772771,-0.149526633887401,-0.0184138643803632,-0.297321685349486,-0.361542124364287
-0.00697078810569816,-0.136638716414351,-0.13271870717541,-0.0312029926223463,0.000142933693044265,-0.0248452505346057,0.00357650868712978,-0.0941319131127952,-0.0598452635908337,-0.0409672977649605,-0.0603115575235884,-0.0587250058176255,0.00822167048659586,0.122850992858898,0.155708139643875
0.012370221472962,-0.00102759317634077,-0.0161250200215263,-0.0595688578287786,0.0741151432044917,0.0347970314740664,0.0852199539980374,0.0421788161748219,0.161341490368236,0.00596724472958918,0.102805226164113,-0.0232677302475577,0.108812449706954,-0.241084164620753,-0.10207615046301
-0.0703955318531868,-0.122723880229423,-0.253059415893313,0.128622051618175,0.183204799072476,0.0332849971538198,0.0875357384875644,0.00254873011875985,0.0561154951027939,0.0149984191365002,-0.0584977355781917,0.103767235948811,0.0832599778525087,0.156393456145244,0.314609724672906
0.205456636637461,-0.27422927172153,-0.323375036080539,0.0401900383439103,0.0940046440692598,-0.282256717017745,-0.178553493063769,-0.329247708909256,-0.466694333142579,-0.0432398794927529,-0.166803813200704,-0.00189718272441817,0.189765879531663,0.308061808186099,0.405631626758604
-0.0942245725868502,0.0594742041883189,-0.270903118216684,0.0500245024264036,-0.00133570152628479,0.0181519256650462,0.156586371551791,-0.518493738838796,-0.0771149374059668,-0.0786118401182927,0.184812329690048,0.31753775139358,0.379432016187123,-0.166122396259434,0.123644468315719
-0.0125448044387872,0.185660631743178,-0.0829568800788842,0.0926037441042609,0.285980083961574,0.2068895572869,0.471643382794735,-0.446845090793385,0.102284743469623,-0.0566892967834158,0.415820062231903,0.245304652676895,0.615687540788357,-0.102631527255576,0.346881142131481
-0.0358302032176501,0.0615116569745805,0.336156305200689,-0.113022329253897,-0.0817582660041332,-0.234253675855277,-0.113501339862269,-0.10785220705231,0.0371752756660222,0.0231235701189721,0.1420996563722,-0.094703738925407,-0.174160477046368,0.05447345548278,-0.177935877617997
0.00787179474461281,0.315462462352517,0.322298798568945,-0.209307103049731,-0.352668695302966,0.250827802755739,0.45171210282248,0.191936272343464,0.438879417598729,-0.297214825608859,-0.77863789276904,-0.195791446110709,-0.417163598489187,-0.0481200767010571,-0.142378613572168
-0.0234210120719615,-0.711540449314561,-0.609367860433693,0.146735126383528,0.0201072483408369,-0.554559423132656,-0.506617716469085,-0.39808751439972,-0.405239244939406,-0.120250790976046,-0.653268244732836,0.369290288677209,0.266991332294022,-0.123361107669551,-0.14063165774874
0.379596754076994,0.590780325123396,0.873475694650338,-0.323624671002469,-0.80193537724956,-0.0916300613034977,-0.339922173856522,-0.327882058346716,-0.397526362629623,-0.327531304697212,-0.551422792499876,-0.212769150465056,-0.559687224409909,-0.185554976862353,-0.621551995824783
-0.0852003222346205,0.0109688824222867,-0.0965519964641131,0.0136782700914483,-0.00260876972757831,0.0584102511654816,0.170081436274003,0.14281825996133,0.245649029601733,0.308619395079419,0.324475198736522,0.127510942770754,0.164446211964909,0.170862509955275,0.396384675595979
-0.0850665986283293,-0.0436246217595299,-0.0402971717880244,-0.0014020534248413,0.0489512423224745,0.000625477282548284,-0.0243917986064526,0.0578750538659554,-0.0556069147131468,-0.0466850649076709,-0.127447852976203,-0.0527920671827553,0.0635943468131533,-0.0663231223581035,0.0165968992911951
0.275153182925324,-0.323938289087281,-0.458515877562098,-0.0341298029611912,0.0861837802281183,0.170612142310444,0.141567892748191,0.123107993365349,0.222005554491368,-0.852273883093891,-1.10290367620646,-0.0289431522505551,0.0500507315399799,-1.09032524809982,-0.830901280969947
0.0359298061654116,-0.0528624220215949,-0.00771139514914444,-0.0423530376876514,-0.00815989848292017,-0.0905113005844946,-0.117430016472841,0.0633074456473519,0.0235971274561999,-0.0748280167089696,-0.0617643885194534,-0.102023035136593,-0.153705294759514,-0.254908429306167,-0.261777782021781
0.14525825210187,-0.372664846710731,-0.35717671899658,0.0522289458636615,-0.226474913511569,-0.291018814705988,-0.525250180344012,1.25192756811126,0.888711168230986,0.225411764809531,-0.488729255730945,-0.00414485754900707,-0.236481354830398,0.287995890432335,0.0768016327350944
-0.279480741988602,0.607028731469099,1.42080972687979,-0.234177690269717,-0.324883173241806,-0.0643155774625146,0.15513820844527,-0.250912065496663,-0.381882069100487,-0.252353171786494,0.114518759639798,-0.131834404833303,-0.387515571912398,-0.317507534983769,-0.445439986118189
0.0747468355523885,0.383195534989796,0.449484135365064,-0.0530502360721205,-0.232587516749921,0.131810629506519,0.132690089697633,-0.0918233040224875,-0.115128977064492,-0.0681723460068182,-0.172895016979297,0.069508669391515,-0.0883470467087485,0.0378002457319927,-0.201183435644385
-0.319490702503291,0.531562178663324,0.562756601512434,-0.37030631767407,-0.659613569963584,0.14895730678447,0.371566679668496,-0.417663396265096,-0.463039489526223,-0.385640983178592,-0.594187579245257,0.112205828701744,0.341478825535819,0.611591709054139,0.18687979597984
-0.0492753979699911,0.0988408234947415,-0.0349644550720987,-0.018433325088504,0.051634384462164,0.0256355574727402,0.0807775801278854,-0.079619645758807,-0.120058780764491,-0.175092636064131,-0.112892830388585,-0.0747624116099819,0.057763995485933,-0.159615394635957,-0.0862484302429445
0.116835537803129,0.0281632669574937,0.244169601327686,-0.000461336373817485,-0.0744532967889085,-0.0264119024962747,-0.00363755024426623,-0.0249954208273068,-0.0321803118621503,0.105808213431127,0.059148790486637,0.0225849843445977,-0.0522363145680623,0.0790730492648305,-0.0301109480532905
0.151938310173086,0.126021489135571,0.215188348626829,0.00797407424708594,-0.215693279541918,-0.068356287792571,-0.132191397140595,-0.22265499336072,-0.411490946542981,-0.319602517457045,-0.442286466686809,-0.169862581861895,-0.268302923810707,-0.241879423364243,-0.441852447184301
-0.118411228706216,-0.117556227981914,-0.136545479496351,-0.0844182217048259,-0.0927535338991524,-0.105641687347315,-0.164559554171636,0.637486478875648,0.9489564180908,0.0505962738359499,-0.0431601585055289,-0.192262553336444,0.00385066943802228,0.360205244992753,0.299787251639905
8.08414411406559e-05,-0.0711968952530706,0.00219349494064905,-0.103947524000126,-0.162227338307674,-0.0629442134763399,-0.0848037978667885,-0.243386118329185,-0.190684344967353,-0.276073564419681,-0.146412194303723,-0.148212809651346,-0.0165949662131749,0.455083372649179,0.545502241583952
-0.0456721468415285,0.119517574464876,0.320015485446807,0.0433237696044927,0.0496122780752755,0.116415530580599,0.0646012521413546,0.218168266596753,0.247860018999351,-0.205954962645738,-0.195743824597114,-0.00857204367840382,-0.0953508482340498,-0.0927620534508813,-0.0560076716783064
-0.0343176408284895,0.0865204142782517,0.0992911530700632,-0.124050881692222,-0.20966175192653,-0.137559381826579,-0.0419450911466661,-0.0759780032684237,0.100253659066518,2.05294802562388,1.8406029869234,-0.145079173435027,-0.150676333288506,-0.155785241421062,-0.137291390824488
-0.015495920143957,-0.0340609296885584,0.16163723217089,-0.0911801607974686,-0.03886380396116,-0.0328977203352471,-0.0907316292010802,-0.145002848682667,-0.136321496846353,-0.190209531924168,-0.0570153193868322,-0.0890396300748333,-0.106718040646929,-0.15575594553319,-0.133866560820804
-0.00706702536135405,-0.152983375417737,0.00972626311920192,-0.154440817360304,-0.202230550402338,-0.111538191851005,-0.101834925972259,0.0249189947101538,0.0793748627079743,-0.120527297505983,-0.00543850789767247,-0.179072826296012,-0.177074671147123,0.209675560274611,-0.0453238734319145
-0.0373515603078208,0.103819440526119,0.171246888818656,0.0634732389617343,0.134489441112791,0.053888594542249,0.175828754229274,0.00223581006223189,0.0354856014824203,0.725199914793778,0.86499747671829,0.115485533547113,0.213812826995175,0.0424559713103821,0.0740669438342529
0.110481763985418,0.0262424423965592,0.146969769864879,0.123330934197647,0.0197058872213858,-0.00891336805318806,0.0354411344650178,-0.08508459807402,-0.0169325515436843,0,0.0118503412854908,0.0648511013698782,0.0261404362393559,0.256115160932801,0.228000844897002
-0.0372249174177957,-0.162384188793205,-0.157817595132741,-0.0985662751271163,-0.116625725777277,-0.134625795488473,-0.0345128337056961,-0.134695055819318,0.0262578506144682,-0.0794689395341708,0.0700740641957715,-0.144728465571834,0.197480736376601,0.0332619191786315,0.0644934339246201
-0.0493700821134943,-0.277131607631702,-0.23655481277476,-0.188196180783612,-0.246643471686303,-0.19851124655497,-0.327465648306223,-0.132471790427815,-0.182293453805984,0.141308774032131,-0.173592652538352,-0.0628156904599764,0.0173795217021894,0.425217003844934,0.331361449324121
-0.0126294773292115,-0.0662851031753468,0.0282495432372395,-0.0444486628331611,0.0865415835557452,-0.00667740034361881,0.0192623320333965,0.187544785113347,0.421056475956013,0.0356689670191575,0.317564704595857,-0.0630608396137482,-0.0666514225909002,-0.10259707663992,-0.234811273670633
-0.0938598534624797,-0.274308956807507,-0.221484952673974,-0.121725750516726,0.0572356620770367,-0.0771714546523795,0.249680560933773,0.285225482871476,0.760694162642789,0.153916081354945,0.282667157405118,-0.0275306502407053,0.30883833340467,0.0463794725449467,0.263186542176753
0.036638880584412,-0.224760737056752,0.0279118538797592,0,-0.0647764842727901,-0.0951976597796523,-0.220243504937676,-0.158972593275797,-0.0965340347274868,-0.184515115382985,-0.147872396364612,-0.0678289860464626,-0.135831185734063,-0.0938264146713253,-0.0836330218323651
0.5674920181111,-0.503921823125504,-0.345042564414177,0.118165629634577,-0.329794314870107,-0.246378041908584,-0.313829309705608,-0.246472272704732,-0.344339986471418,-0.288136987455114,-0.172610198003778,-0.26898884378678,-0.0708432054066996,0.39447583716774,0.642307573772134
0.0181067107157292,-0.436876973073865,-0.229836625932983,0.301616717964487,0.10432096027225,-0.00219866553616559,-0.0133543872444483,0.507445386981964,0.0502349681980051,0.788887745640356,-0.542366003269999,0.0616596141155095,-0.303601954339576,0.000800620321326784,-0.414519702585453
-0.221041591289265,-0.217492695066345,-0.355877901382404,-0.00060436554620185,0.350819045555052,0.0174299992235502,0.127624514278346,0.193861234259535,0.538649122145368,0.0181378471620813,0.423541854078599,0.0166645663103743,0.220205154607141,0.069433292561883,0.171292605357267
-0.0942227932372578,-0.354225607239345,-0.457201200719702,0.130590285435787,0.102151126430696,-0.0377043659113995,-0.0680689847178547,0.140774696225749,-0.0400413576968809,0.177438462044109,-0.0429098841164061,0.151095194390598,0.15156468235094,0.12965089464844,0.214104904765318
-0.077550549857473,-0.153398366902991,-0.357868049825808,0.232376525592279,0.111948397887047,-0.0678812664373724,-0.0829605101687637,-0.172412620155521,-0.0294188824152064,0.383211702014007,0.200711361238731,-0.137476977866696,0.0957585684658149,0.384582365350958,0.152195313088217
-0.019486755633733,-0.114103934483943,-0.13325491534562,0.141590737435321,0.05385961031384,-0.0320258018508437,0.0357234860708721,0.0265116724643276,-0.0276365824988446,0.184700831397824,0.0384299476121988,0.0909055215361618,0.139335767124245,0.178031767026683,0.203700377696867
-0.0489774899130473,-0.138847929126046,-0.119974277584195,-0.0928697307092946,0.00545202299666677,-0.0629761819859474,-0.0413630659598983,0.00472731077490163,-0.0692737859637824,0.078190056351251,-0.0453829179692064,0.0353688169377323,0.170346781019641,0.086208597412974,0.0673983569917606
-0.13913958286288,-0.050132765935019,-0.247836943548076,0.258415647243067,0.498667013000383,0.10919146842722,0.483140226389952,0.0679830504690716,0.274382816819381,0.188415995058377,0.225202253002265,0.123974065736703,0.585762728962803,0.140527303167227,0.924241798036929
0.0649815395007678,0.161574328350125,0.243200236173276,-0.108435594998791,-0.133250638225324,-0.106004649996691,-0.0016315017951583,-0.170518668330993,0.156619184073612,-0.0758487532776097,-2.50695300930559e-05,-0.168809149783154,-0.0651835789675449,-0.0313052250368076,-0.18743950676342
0.0784915619516658,0.0758211969381615,0.0864243373705239,-0.101931324506986,-0.204866680789041,0.0205599831845577,-0.0027076131384338,-0.0749791525264751,0.0459389768590307,-0.230255252685048,-0.230181583395698,0.190632862409933,0.115051844591366,-0.174053689970413,-0.313580218532816
0.0907509728837203,0.107977116964166,0.240532776069069,-0.0899121042780761,-0.180590748819383,-0.023912748907429,-0.0851171947073541,-0.0679880156009907,-0.0938993727494454,-0.115936008489487,-0.124869990132272,-0.0896470009600541,-0.209996296935841,-0.133549983158402,-0.182766091085764
0.0615067798574308,-0.321516273820574,-0.676897814910068,0.00212335613718062,0.0239482245329442,-0.103758209902589,-0.104192770971499,-0.0923845516106246,-0.16681610549331,0.00467460421905493,-0.252048643022465,0.0999862758912784,0.0132824819228732,0.283749084093848,0.253432022087232
-0.0424577029971653,-0.209686772495826,-0.690036110796959,0.254091706194884,0.361280700465297,0.0683067458862712,0.0114889200804291,0.174237533030387,-0.0882254207743837,0.210144896933285,0.0975999312513208,0.00248294178429974,0.0429434967213411,-0.169523166632469,-0.105546437952588
0.00267916943537915,0.0485779938325923,0.0567884641661788,-0.067449377084895,0.043135965420091,0.0753292488467752,0.187757620103751,-0.208639987482374,-0.189658593515059,-0.293569542676994,-0.0247125223582564,-0.0950421752985504,-0.0595805975591791,-0.236237237641898,-0.214931493660161
-0.0601392960831227,0.0494930986728611,0.000396904029373319,0.13963442446237,0.149287367889678,0.24857054707996,0.198074275679756,0.284742878691812,0.00661899533212074,0.285317170285481,0.351199286796004,-0.050497736489365,0.273889752895543,0.195769246148282,0.0978002133226732
0.0144635492896172,-0.636512685167225,-0.667451564445171,0.301524671155664,0.316926190878172,-0.0508260356304936,-0.0836318135187866,0.152568806077274,-0.254611777601508,0.349077369760948,0.286459054914501,0.238143180356098,0.334706418382108,0.429515568643744,0.389259293868183
0.0208156558386921,0.044518818113142,0.103675429329249,-0.0453348754115554,-0.0922260091567902,0.00339850462879817,0.0649190050287668,-0.0360020992693573,-0.0718360748590425,-0.153628712015682,-0.0760139933549886,-0.0415392679405327,-0.146490446982804,-0.13931852647288,-0.0740270733608908
-1.3191390076879,-0.361736300731676,-1.73720791393073,0.516456126785937,0.517309054853719,0.0103612382311898,0.759778415721486,0.60544113072304,0.640654833713356,0.815040682676717,0.95882755824005,0.339206797691864,0.948334025327125,1.05099912281951,1.77808870190414
-0.0176474235529506,-0.622345502875951,-0.787449197711596,0.256855737271445,0.301470373415153,-0.0419049687224083,-0.292796540673553,0,-0.497385622886685,0.0536473036702472,-0.110641437894809,-0.287203491055175,0.040015917531663,-0.206418706338892,-0.0584631033971372
0.0864870369758433,0.131380100068805,0.169528246930654,0.0253650133721473,-0.039226227142938,0.0501163551659108,0.0330337958077044,-0.0417697183423372,0.010334572515993,0.00728253346143057,0.0166093466109563,-0.0768939481684344,-0.0526649910085033,0.01981651406424,0.0208404740246818
0.014929018801144,0.0617535654500451,0.0938354579497029,0.00412565451119396,0.100538006023367,0.0062483349557743,0.117915072307743,0.0206375911747046,0.0685601367410301,0.0335763751125184,0.13358272578521,0.0105108030976256,0.122552470276646,-0.0545912336901621,-0.0802328768152822
-0.0810856400305603,-0.102432368383012,-0.0233505049923569,-0.0354702626988071,-0.4848243554745,-0.0968242109484601,-0.00250941296748469,1.73042576537338,2.13780254549241,-0.332065762671935,-0.849115732471571,0.216375496697005,0.0301085305368658,0.467673303379869,0.272553614634117
-0.0146220940044465,0.00929699231855851,0.0302091454078842,0,-0.0304386000099281,-0.158798975010456,-0.191303938203581,-0.120876423064489,-0.0536581724361541,-0.0904896335388209,0.10307580697002,-0.0835147443105873,-0.128832810338756,-0.0885187790460189,-0.133574319473235
-0.115282702214972,-0.229847747451973,-0.213550921822467,-0.0639557803430593,0.180864328014523,0.0277035949028589,0.126897306599905,0.222933493873015,0.0717343118148399,0.438414328956258,0.162580352745849,0.0921301703358491,0.413331473142932,0.143720650030585,0.0433044688884418
0.111206459915036,0.626498752666202,0.277271060133385,0.181793183614288,0.539084118751598,0.550162141647984,0.979474054391685,-0.193881183942909,-0.0995115478000786,-0.0505848392064942,-0.108363293181068,-0.105448760344069,-0.0562425965759898,-0.231801494911546,-0.214098051228972
0.0837084843426944,0.251126354966288,0.124485375276801,0.0373757990090462,-0.0744433589625103,0.12238170194229,0.0314376048735734,0.0287605358410837,0.190708207963602,-0.0411101590621177,-0.0330634704073294,0.0316618011697672,-0.0546877589982979,-0.0446209819394837,-0.137580122294896
0.0446432753244388,0.0606506872815212,0.238966806927623,-0.089237159530878,-0.0150620181659682,-0.0280427744096897,0.12130120117467,0.00514688126463499,0.0809892993729728,-0.146618232712556,-0.0550751991904144,-0.0283824078314656,-0.040266188267617,-0.0568176897271287,-0.0711856834205994
-0.0131470429600073,0.0219632473179996,0.0400603226727664,-0.059983916398254,-0.0231092635679264,0.0503596798697034,0.162583298484455,0.391805788422866,0.549832263030686,-0.188465112542851,-0.235162841204121,0.114389155913764,0.0832474508197101,0.109057088164422,0.00343805012378505
-0.0134152081668179,0.00841636776635907,0.0428163323439834,0.0487495495871492,0.0835590487048961,0.0788053436275799,0.0927399301705634,0.0167172100899463,0.0267910619897494,0.255425797720564,0.169319934494266,0.0995694095586632,0.113570869142701,0.0138936877799145,-0.0197687234922188
0.0571710247253144,0.0837471843005627,0.119576942714814,-0.045465589561354,-0.151023918534045,-0.0609889151399372,-0.195541801763966,-0.10411410222274,-0.0629144397256326,-0.0211305766360525,-0.00667061338955061,0.000710078199926517,-0.133051750253027,-0.140977281456832,-0.291877658366951
0.439922098801804,0.758648128220305,1.15298850250024,-0.294122124487709,-0.943009726742796,-0.302687076158066,-0.470600207585156,-0.430517261319911,-0.361727254562861,-0.324336044509072,-0.553658659199071,-0.362356428334072,-0.691653384521993,-0.168005894586269,-0.648137725144974
0.0186428214928531,-0.0274052430834508,0.131736995901525,0.0158362648372553,-0.0200545282769954,-0.0136934642602068,-0.0683473525590761,-0.0943113183642008,-0.110865703294886,-0.0270338801415277,-0.0856546962103675,0.0466667591316685,-0.0793610619882975,0.192726221584852,0.0106493556494233
0.00900192735456273,0.211040346774486,0.430994682597907,-0.0527194562647057,-0.0124335576960394,0.0280521531145382,0.124545156636521,-0.0865456592286067,0.109679201594705,-0.117259234397932,0.0470388736492073,0.0139942569575136,0.0159341405531333,-0.147158547833129,-0.126803430000388
-0.130144897703813,-0.184168503891407,-0.0344288041944657,-0.0651640614440613,-0.131827215226009,-0.0915072478737147,-0.179991934633662,0.10331734341814,0.122862071288456,0.127135998811815,0.403768451530322,-0.0191031693298023,-0.110806975578124,0.231094088574608,-0.0513580759910006
-0.0336058608127466,-0.155250804285346,-0.209328841978404,-0.00749451809054976,0.0920135839852504,0.0730900644813793,0.0558125696501233,0.0456060291085348,0.204404424370367,-0.00757172430195636,0.395695259226374,-0.0551881287336208,0.291798319795902,0.0469483945268957,0.280469644790476
-0.0011555414031919,0.0317768214188066,-0.055323637640735,0.0929925303196026,-0.00512974252667434,0.0855751900989066,0.137964483365151,0.101835459488759,0.135221930483075,0.095149345743433,0.185388495406614,0.197400075072587,0.210424727406053,0.148689971502246,0.394952107248624
0,-0.0219463630145636,0.130391293784341,-0.0678440172847209,-0.0381824666030467,0.0690021728225337,-0.00355780317548771,-0.0966879270156128,-0.0201384869068839,-0.102187568381938,-0.0179405378708746,-0.141582432385307,-0.115800724071874,-0.132238672126072,-0.105363256524749
-0.0247335506199686,-0.973195886017521,-0.750436451877382,0.302127772392082,0.0820287619569889,-0.0611621133473761,-0.355775076234813,0.203916152217547,-0.453638041772622,0.451551875100399,-0.413811752349998,0.278456291803488,0.186826569374535,0.516318743751907,0.33409225828961
-0.0791075700498165,0.122806951356553,-0.114146855294309,0.0840528066305771,0.219404760799951,0.18457524773028,0.371856885712255,0.185251669032129,0.40097487462027,0.0325056022579477,0.124871427235318,0.0387211734162859,0.0981965959143618,-0.125767170391195,-0.0463414625336215
0.0809271807720973,-0.837664805269855,-0.907726262063351,0.196510311900148,0.0423604617946659,-0.282518011436303,-0.479305821105781,-0.0319173023973367,-0.48531414603059,0.183273726161095,-0.201134165579715,-0.121236256198772,-0.0225504059401668,0.435744321921751,0.468512743218683
-0.0416267998803473,-0.206030405036346,-0.97354862376444,0.129573879324511,-1.03998925075018,-0.260575189910247,-0.788255452757105,-0.236840015618396,-0.429921373940865,-0.226190065210192,-1.04313304639445,1.11434259528814,0.746804177275222,2.02324361653866,2.10195818685383
0.0561410664206419,-0.0768273520968374,-0.102452445223346,0.0396136437236867,0.0659241347961154,-0.0900907135065556,0.022122391448844,0.0416410309032912,0.0922253427344262,0.012946263108388,0.148365314630441,-0.0223006238238996,0.0838855894495197,-0.0946338030721661,-0.170454358603465
0.156313272181913,0.0142268201619237,-0.047545566601834,0.0953387772606697,0.0244851339285755,-0.0407396964163064,-0.0518055320365606,0.0553957985581731,0.11770827941968,0.104703038700539,0.103203061486677,-0.0512473744523122,0.0196803398567644,0.112226270952342,0.138495102658786
0.0919650525061609,0.0260371175023143,0.0865660116419039,-0.056453219138789,-0.141712044832879,-0.0603706893425896,-0.036364110449561,-0.0843982714431516,-0.0467616815183221,-0.150811446002466,-0.0303745439705479,-0.0773373456203749,0,-0.01660521281879,-0.0372465224342158
-0.73039312094469,1.21921218781572,1.79695483809463,0.103251613161359,-0.349452307868871,0.139865174810903,0.325084702581204,0.791035807216868,0.336354924175209,-0.350978730620319,0.18254723499026,0.808204043250767,-0.204309573422191,0.205963786314004,0.232030442447936
-0.0330050271902995,-0.0194469364100997,-0.286999089900958,-0.0181779191908118,0.167048885589491,0.0943336653138254,0.150003907620743,0.0798436977619909,0.23464538739482,0.0290281300534923,0.272174442090209,-0.118481067915393,-0.0651120942203553,-0.175575510240158,-0.201208411442077
-0.109314457990225,-0.147981938236725,-0.326791331308984,0.202620402548144,0.14534388205447,0.0272440826418029,0.0290766229256462,0.331940115296956,0.441710845822788,0.171184095141396,0.261150098789914,0.442446302152803,0.468278294456467,0.451732574242794,0.611853301632892
0.0805601551735845,-0.199034157223658,-0.305968135508719,-0.19363278836957,-0.0282720052519016,-0.258135236582319,-0.270426711145193,-0.258967319401773,-0.139211172427898,-0.0304989296557937,-0.0688464122782787,-0.449315736793934,-0.22843347402473,-0.049529267270992,-0.185925782673837
-0.0226763417498411,0.0100605590631548,0.0710927556696713,-0.120037127330088,-0.0872367849253239,-0.0822244339397417,-0.163579201247764,-0.147427585357889,-0.157803254557576,0.957044961522832,1.0603614088333,-0.127835692219065,-0.190742529584151,0.0691477675185884,0.0756174896329761
-0.121300855876044,0.276428330619497,0.410147849995002,-0.0025389403797561,0.0359580955049161,0.38770429898059,0.479791758991467,-0.160408189457557,-0.278267132652242,-0.326961409259883,-0.480628323664366,0.103965076581269,-0.0518485472762087,-0.340963083512082,-0.50793496484419
0.123848201032513,0.236280732844642,0.254784044921578,0.352649564388569,0.0257699836060857,0.239991552521363,0.153128006683647,0.107310927468524,0.0817555632703472,-0.0432540567019722,-0.156412539061413,0.134521578566361,-0.0222641509727374,-0.112546652773115,-0.471975023068904
0.043392241921384,0.0636073493406579,0.245683396450592,-0.0843093032084459,-0.0818593168915365,-0.0919757159836131,-0.107163155180533,-0.0569608681334573,0.016349974939658,-0.0379450460721247,-0.118751634057426,-0.182807397059618,-0.0905683904019205,-0.0918362985474991,-0.13403512942752
-0.0212029688015045,0.0231967011368316,0.00590493204177084,0.083300558607245,0.0724232619612275,0.111135215440797,0.190523171331435,0.0334494040244496,0.0349163830605484,0.155457827663219,0.159889668250334,0.169743793101555,0.162724999703186,0.177241021746687,0.259236164250246
-0.0440185072064591,0.039568399347409,-0.0153640057406519,0.0999499461332866,0.118159160748059,0.173472418393635,0.206895831642885,0.0336705471454869,0.0746049065031175,0.190275551109168,0.274424487678682,0.195808846869131,0.193075158899228,0.188853998041972,0.418394289807618
-0.100164872316848,-0.106493632296661,-0.234395055452919,0.0578803741412025,-0.0150898547768889,-0.0591827276761291,-0.122761498143383,-0.0474488804095176,-0.150218743338953,0.0620397106201602,0.0302291097651624,0.0727788206003054,0.132318383497227,0.428881951812953,0.586819922626965
-0.0727068062414207,0.0327078306519821,0.153785016099765,-0.0503810011898239,-0.000805602565912804,-0.0338736732062912,-0.0162978462612718,-0.0637138144621363,-0.00699773760197715,0.0163049227058782,0.0677841987591894,-0.0288014209434105,-0.00834902646521728,-0.00886340968077374,-0.0648229636969305
-0.0193870443386432,0.0294183520464932,0.00927951473394855,0.0284840691872532,0.049275323004008,0.0943490619177755,0.00472455416978956,0.0240616678024447,0.0363244708223283,0.0967780994321204,0.0551670278256347,0.0593796159232746,0.10703728259942,0.115960558793924,0.0546354656704294
0.027566907570922,0.0555167636880853,0.0949204784322597,-0.0123484167171576,-0.0990522819842794,-0.00902794258794622,-0.000431070147200343,-0.0192696006157919,-0.00401490980696164,-0.0359948643148092,0.0903606985520441,0.0113620027609537,0.00987788490813204,0.0247909065205176,0.113740873659796
-0.0135113994177499,-0.00295568911940973,0.0545062634457496,-0.0526832374549982,-0.00680924317689739,0.196964319410342,0.0759878995753214,-0.051588269296297,0.0284390606735122,0.00572480672650903,-0.137406954741788,0.0347492240680184,0.116159982854649,-0.00528546842915953,0.0406990316757231
0.0544470203708802,-0.197902325738716,-0.542809482097564,0.110031262421926,0.0817182737656197,0.130577611789198,-0.0981792078625204,0.0191451524374376,-0.128532615832634,0.425687184709669,0.294087613294243,0.0782106431013391,0.0389151431447937,0.320345073564576,0.169307482412105
0.023631428033355,-0.341429831029857,-0.374969313472916,0.082786213060236,-0.207267073727459,-0.272842679043651,-0.34652952013438,-0.200241012208801,-0.445247468312486,0.0335758070835384,-0.136321369548132,-0.0773415880421328,-0.057345023891053,0.447148412082055,0.271642195546939
-0.0169395377619106,0.124004186823219,0.192567807718505,-0.0590701621366876,-0.114411830269378,0,-0.0484488449582993,-0.0531942222161486,-0.0624523460840146,0.0131221965565278,0.0124214420899453,-0.0101424876324478,-0.0766196654304095,-0.0180908082996728,-0.0210804435779532
-0.041149483561982,0.0753327064537973,0.0542385366423641,-0.042056839721598,-0.0851608771181386,0.0811192499004477,0.0364664632529538,0.0532876686282993,0.0991970096061302,-0.14645986301903,-0.00508779120657917,-0.0343775292108815,-0.169880431946146,0.0747785347427666,0.0970758898459284
-0.0263018011156903,-0.00612634330337824,-0.0482233826796728,0.0720667841429498,0.0139423231302687,-0.0959099381714026,0.179230053156911,0.23817943860957,0.363575982150583,0.125305050523248,0.345230951971373,0.159201363298395,0.21646769012781,0.208735151726052,0.426890270553885
0.0697657505693406,0.0786745003306616,0.130497092392776,-0.00854633073290247,-0.0144368240951431,-0.0934591091191913,0.0270977286169381,-0.134912564880703,0.0207711912186116,-0.102846050394029,-0.0350430122968157,-0.081539865221879,-0.0386335143692821,0.0664293355867775,0.0799100280722758
-0.389458647242284,-2.05658641813055,-3.57777844818309,0.698761256843769,0.52115926950868,0.0712653193933144,-0.696038804820681,0.246229154599344,-0.958174618572386,0.490064040002085,-0.866562838769462,0.245631809823176,-0.109198810469782,-0.288763692306303,-0.0979026751437059
0.0856453337987682,-0.0295828718584243,-0.290373883151484,0.0389528497376618,0.256311067184971,0.0941885584690127,0.00738780171204537,0.0147712810744618,0.17744369038029,-0.0801133817566122,0.248818148821668,-0.0734284099327002,-0.0097063487976197,-0.345290697676764,-0.323321717720422
-0.00677808867848745,0.089361751142774,0.117526826769621,0.0502882234935677,-0.0265508715900744,0.0721985299445148,0.189369828809115,0.0444522867090769,0.0689437834556746,-0.00774496884796618,0.0981957623865013,0.0754174655029801,0.0825238781620981,-0.0108010901551644,-0.00467272717977788
0.0587127134850442,0.0388170384499515,0.159543246614552,-0.0150164741651972,-0.156468421694656,-0.0579938164227305,-0.0297712024867224,-0.0668906392361682,-0.0407458842726852,-0.124033243119325,-0.0688583270483275,0.0222031745658198,-0.134653195359261,-0.134687670516523,-0.179617304664231
0.0612215369863695,0.103695609050911,0.187864358677846,0,-0.0943409894336915,-0.0277337636323574,-0.0445766629736118,0.0571266734947955,-0.00193113455465046,0.0743213742553018,-0.0148943962017749,0.0605657829826297,0.0112150618187697,0.0882113999531647,0.191390762366736
-0.054256866506924,-0.358139969810574,-0.290979886626418,0.128817090964207,0.205547280397593,0.00284828540285108,-0.116958772664848,0,-0.251666561743658,0.2363917415787,-0.0803816199629532,0.0861593362878363,0.00887590478876533,0.205213391811507,0.150786928839556
0.153601351532106,0.0331694500473851,0.212274039252577,-0.147447563640837,-0.146905296192412,-0.0949522512922942,-0.0692018525272859,-0.217650409718734,-0.173356064596903,-0.156812462034305,-0.100910707741788,-0.147663581072425,-0.11576188340124,-0.097324053980503,-0.159146037924117
0.0408671102173387,0.0101756199536634,-0.211750885911301,-0.020607020881906,-0.0819330235708439,0.0396353242474426,0.210808823700419,0.0420108561602965,0.1016119408736,0.00289630926595991,0.319513953603486,-0.0306428180833183,0.00465781956203164,-0.0905910482352317,-0.0801793194958456
0.0326170625554985,0.0739140544759395,0.168318371523871,-0.020528933880451,-0.054740555501972,0.0631040987930925,0.0279225929274138,0.0126041745968027,-0.0387267910833532,-0.0355653386670271,-0.0479424340483433,0.0677710462426222,0,-0.0807558408438221,-0.120882318530247
0.0335531124276547,0.0238442020881228,0.0951862964550622,0.125118822615199,-0.0773944515378323,-0.0609528565322496,5.00818197248559e-05,0.0199145760907109,0.0954977695499154,0.0396601158515114,0.163600407089837,-0.156642120940156,-0.0442615598830768,-0.161740868599634,-0.0121179647460591
0.0197688145227197,0.112266998123777,0.0815885313577332,-0.0779895342620239,0.0638930367665384,0.0894223400133218,0.151164072004939,0.00514313448189294,0.0431040033535035,-0.0597473036191516,-0.0135710169455974,-0.0823494946590018,-0.024716804404165,-0.23180176150135,-0.268013509809093
0.0302415088150977,0.188410848230555,0.355723555117057,-0.0342490349426927,0.0629332369220774,-0.00430429063931053,-0.22357561046037,-0.0472260639233428,-0.0980472943301796,-0.108176987948482,-0.234649967817304,-0.11031012280944,-0.0840141701924024,-0.141369375874018,-0.028458080729632
-0.0334581417091999,0.0521894511698012,0.0827031000234008,0.0323197255762326,0.184248175093539,0.125965971611893,0.28361876616887,0.0382770842087522,0.191457341812066,0.121776584762424,0.299330988781946,0.0601159787928616,0.195411873872494,0.0122737097668805,0.06667034837062
0.0162669781549631,0.0884441649877988,0.000167336942461536,-0.00476234743549446,-0.0746531780417894,0.0214426987088902,-0.0515399010372327,-0.0172564877042741,-0.0946987804129413,0.150784074514419,0.0980489858839341,0.0289628009585662,-0.0178441554323318,0.0291291177412176,-0.0903421597723933
-0.140087631497256,-2.38004712165527,-3.08329730190717,0.600294960734324,0.693728404769238,-0.0981994360261318,-0.742717452728181,0.387378093204699,-0.919668562091827,0.728673415279701,-0.359233913635656,0.106873300198029,0.0779172859807736,-0.149817068748829,0.135112554465562
-0.299126681193539,-0.169400855646712,-0.49327192345937,0.244023801784376,0.402128209199682,0.157416776243022,0.303542847407245,0.200614692270175,0.349713333156352,0.137994557950836,0.288150835378017,0.235615290928007,0.203938566541097,-0.0389984206548412,0.105928910892115
-0.0436340781143552,-0.023764522071445,0.0143632281546583,-0.0135978407566204,0.0503358272581377,-0.176123460180224,0.229831013981712,0.00780543320558433,0.197967758535897,0.111442430659247,0.214739938898767,-0.0245960712455984,0.243186449699311,0.0760950643920586,0.26260949113868
-0.112738331560723,0.00544749016894286,-0.254463324902557,0.214186571904767,0.167725711962066,0.161835191676029,0.166933263432153,0.205738411757884,0.148744618002391,0.207469482213399,0.347458261271077,0.13419299584671,0.187599868421623,0.136020733564368,0.0142761857687528
-0.013889821671578,-0.564477703663872,-0.429605962728071,0.21205663014073,0.120025580681936,-0.0701819026037266,-0.139422089698502,-0.0264768200431824,-0.332667117726511,0.134780172651321,-0.178839157584249,0.0698150662096623,-0.0294461667928168,0.29421626902985,0.104987181273257
0.0219066641249767,-0.245724927466233,-0.181633019785516,-0.12723496616527,-0.12011339591372,-0.121099742844585,-0.21997795184584,-0.0417061079374318,0.0306020715043933,0.273554177285603,0.431847693590122,-0.0853696540092179,0.0766478115274873,0.0424785164334028,0.0958147797538988
0.0158055109040311,-0.0234939013325735,-0.154094348139631,0.214514290226766,0.300357010738828,0.150137508076089,0.327763139752319,0.252916805707943,0.203199273138257,0.257965097745084,0.263117812921127,0.210487156796765,0.32427695497168,0.0996481910444126,0.0726417666077993
-0.145662874520126,0.0568316521967986,-0.084033083568694,-0.00977534866807566,0.0600770934568282,0.110693601169903,0.126299462351876,0.0591497820617516,-0.0421792520202831,0.246697914725419,0.269884007054936,0.105931316300575,0.187686369145482,0.0615323039982227,-0.0715191514725484
-0.131314986912765,0.21237831667879,-0.364355944224272,0.413306708781135,0.454145036326044,0.258410539925514,0.409592150774266,0.428506310262676,0.365075056784977,0.25987557954286,0.200285531852373,0.290914488840547,-0.0832132794770757,0.0458610024656627,0.234245721813664
-0.0927348418803337,-4.32413059785193,-4.5273351815934,1.18402690364822,0.481468430413124,-0.769380345316203,-2.05063677344083,0.405207150500954,-3.04011022738793,1.01694578197654,-2.77685202289176,0.718763301168794,0.456044432505874,1.45387909379931,0.98482877706289
0.0104700385976349,-2.79376888318617,-3.06775987361883,0.673398423723677,0.387957379688589,-0.327910983980444,-0.900585461785699,0.315837463556714,-1.86574526035407,0.677610455472004,-1.62216215611119,0.506783834934552,0.257621247777353,0.82565373382507,0.747275796984475
-0.0636389936593084,-0.163533116835845,-0.196191930429803,0.0594124073004382,0.322116166189549,-0.0816039436392079,-0.0583411535103671,-0.0145426225673574,0.0139353781929586,-0.110431272732454,-0.0429635883741672,-0.105037937944119,0.297246545936382,0.0169086325772597,0.131264929309976
0.00707000817015754,0.297557955618558,0.507156724514666,-0.0843929014608678,-0.096626689208933,0.0626076735002658,0.207232209202231,-0.186808544867889,-0.138468567447574,-0.245186207844215,-0.0979514300446992,-0.107487118669065,-0.134181778564151,-0.289758034801412,-0.397100279341315
0.0356167357468761,0.156383038745871,0.171959220598378,-0.0725038955920339,-0.0507809403245578,-0.0091659176000252,0.00665659263635624,-0.0871388419911736,-0.0515152262826215,-0.103462716943498,0.0338189566890147,-0.150437976239349,-0.0867849561183169,-0.100348393872697,-0.0793976456052986
-0.0110011095483012,-0.0740914395259021,-0.0148054775729609,-0.0549576702458129,-0.0861651811489617,0.0508909254788307,0.363916245755129,0.20794216735577,0.335462224424819,4.08200304442739e-05,-0.102942267718175,0.0977357883575933,0.144598033216906,-0.0860594076627531,-0.0909937075284797
0.122256761800179,-0.380094660279421,-0.258383613844956,0.0132757406542855,-0.0246213982619434,-0.358968939522361,-0.0825240498039455,-0.0810860852075113,0.0353794416578054,-0.124719090836132,-0.434235800778319,-0.00751767224568766,0.0662139934733865,0.224974026292969,0.334923840740053
-0.115770231657009,-0.08771850123832,0.0204684245503884,0.119067657495109,0.254391502222394,0.0858575218115761,0.398424249660588,0.137711976175835,0.148992482820044,0.135412536057501,0.26307442250506,0.0232553884786507,0.352676289791491,0.0557186843273075,0.0143871660508424
0.0328220176111987,0.0125577059299677,-0.0177752338152999,-0.00400076099993672,0.119335776471372,0.0253243940252971,0.171393729164645,-0.0763498544743994,-0.0450232087150637,-0.053883253399587,0.04871847278511,-0.0542015176334961,0.119490858275544,-0.0841020950933783,0.0212599486007995
0.126896763807785,0.32017225031178,0.348830887193394,0.0590674977068942,-0.0367150806961978,0.0588416833032042,0.19536249029526,-0.00900487328425952,0.0962184856577408,-0.0431828914077861,0.0184430117399328,0.131017574521302,0.0579209400093447,-0.0499785872547838,0.00150229556660346
-0.0135370580417435,0.0123668852298627,0.0592607589063577,-0.0189126523813901,-0.0222682315986259,-0.0242670159176121,-0.00983990615886666,0.0858808001297661,0.135063704861099,-0.0539911142555184,-0.0637306643730023,-0.170408073705332,-0.0363916623242943,-0.333330381299715,-0.231500402480328
0.283587870987215,0.345611326182414,0.432112049695364,0.11404321738061,-0.236831960241618,0.0692315161809664,0.128090673142933,-0.130063562604476,-0.214256767090871,0.092533142971997,-0.212166536543994,0.0591494204294244,-0.245876428453446,-0.157646120369138,-0.345862217532323
0.0561077880284441,-0.0194875609399651,0.135654220656973,0.0325293420544949,-0.0809246738169935,-0.0585191698414112,-0.0138316194944871,0.00723911546391642,0.0455483225807519,-0.0163815763165742,-0.0056772005982388,-0.106408068636097,-0.0773580268390585,-0.0340882084930836,-0.118368550068697
-0.0283999066247974,-0.022407326963398,-0.077471177432185,-0.181117957441791,-0.239691864249999,-0.0957423101129009,-0.221879194549241,0.266477382660719,0.332287530686265,-0.00974455503146977,-0.0975128760978596,-0.111161644243373,-0.175779686032311,0.165508449311144,0.00949175603042885
0.0903935833062809,0.382677313069473,0.32580795456586,0.0868425166010346,-0.0936806049352057,0.261911039893377,0.146835016911451,0.0723387886612316,0.0159839549905401,0.0716656448089003,0.243718333232414,0.119102379681759,0.112503423659561,0.0204917683017007,-0.0471301343868055
-0.0969610191400841,0.32277910817091,1.00724991064842,-0.281935211037333,-0.488556055525567,-0.0967430478046594,0.0895229838779882,0.36011788484749,0.858103211782182,0.376997335753804,0.932606348165158,-0.182650211739666,-0.100970454895395,-0.219945703326658,-0.349604181878331
0.0576032572351757,0.050257230528709,0.216795065205648,-0.141351849422491,-0.253539617347582,-0.10803754052472,-0.044063644115814,-0.119976526627404,-0.0825306613455742,-0.237371888327901,-0.0488851816396795,-0.171465099839566,-0.113969955022486,-0.121699322386393,-0.0900273539554678
0.0991753976930794,0.226909555166482,0.152602877322634,-0.0284586095384322,-0.344245579184123,0.00127970771221819,-0.242730751359801,-0.0391217534409267,-0.198505973422182,0.0124456368077454,-0.383176643771735,0.0644720751278995,-0.309590541258576,0.588358894792724,0.220255889718503
0.131396565792504,-0.0567940935507162,0.0245532735678505,0.0195144056687016,-0.00337515045169468,-0.13550588063657,-0.014249692011899,-0.216920764351074,0.0825014959632969,-0.00871978642120231,-0.0837310162333662,-0.0071148556783677,0.0111020029257105,0.356474996284358,0.304432210486837
-0.136123938829469,-0.0896285124831146,-0.413329146506173,0.307693433796585,0.392111883472285,0.137161762041305,0.314729752252364,0.276073805083154,0.356901737092598,0.220132274156824,0.11548797407635,0.231203269908611,0.444377572496896,0.404292758269133,0.72244198649911
-0.184193818439253,-0.0656077117465853,-0.247774376269644,0.203567185831506,0.290996482048816,0.10141480280085,0.363052328018894,0.3780889205127,0.382864573393008,1.1059155280668,1.15505931789589,0.120047754541519,0.429276810246437,0.155605673225664,0.556983770233555
-0.0826026972672476,-0.108276270854316,0.113574132276518,-0.292994543097414,-0.0504157258007291,-0.290557413692688,-0.181001299480943,1.57237199599446,1.46013130165629,0.282610014540908,0.15707026869761,-0.546676426461695,-0.303436329296615,-0.0892048243741716,-0.168620767996596
-0.150311313222015,0.336281089330979,0.519985624037494,-0.152758766077261,-0.104700268255497,0.101959249385086,0.453709659734993,-0.0434098676160636,0.335205889924252,0.463639713688607,0.909426830528124,0.326154436713765,0.560268045418672,-0.0154949296185879,0.0142576455168045
0.0355558743118528,0.101447696790173,0.260148719676223,-0.0653924202872246,-0.0337580428763183,-0.0368050930220521,-0.112802468679672,-0.125494218172713,0,-0.0509000558355276,0.00396149631499126,-0.0712379445543771,-0.158214333404463,-0.0507627927567255,-0.0884668477016958
-0.00511961995755869,-0.00673342085647999,-0.217300021902539,0.0873213910854947,0.0228961745220247,0.0971285720775291,0.0772196453439928,0.149059192087049,0.272533218459638,-0.0187146269271879,-0.0399186125067533,0.0545566591018691,0.0230458867547815,-0.073179503050862,-0.260570815866982
-0.0433503695220521,-0.130808830123011,-0.182726391932578,-0.249771818574924,-0.124847117279093,-0.195581489466281,-0.45687215724045,0.0513330759208782,0.196429490181848,0.131264363568321,0.284493865248708,-0.269682855451287,-0.269052632756394,0.322078588145235,0.244166428362804
0.0571114752574168,-0.69615849025913,-0.537987569937626,0.240205026853037,0.132382156257802,-0.179631573202984,-0.16193591226464,0.0383892056243184,-0.44025993213945,0.149302326438903,-0.143819955431575,-0.0229340108859414,-0.0609565285310268,0.243550509021705,0.149385733126101
0.0650839207094649,0.224567639404648,0.43099919315976,-0.0273383895450413,-0.0152694506260344,0.105230407164844,0.18782039405218,0.0313827964547012,0.160484576801096,-0.151780075779426,-0.0768459506881101,-0.0849004151374763,-0.228612367886562,-0.294086245954824,-0.519008276874306
-0.218586634503155,-0.034562932974755,0.00136543157119076,0.16857738561054,0.17843609055564,0.152399135265757,0.361451287976096,0.331064414364132,0.282425412294397,-0.198453023016365,-0.395005264468433,-0.0353544340680299,0.307058614097,-0.294557514336507,-0.158716688979925
-0.0166160745992615,0.0666405348391842,0.0172746618752873,0.00940396134978107,-0.00987517213143157,0.0355561965351446,0.150523169592335,-0.0299674678349977,-0.0146866830586831,0.0492463573786795,0.0474360758581873,0.0210707789138201,0.132121402272501,0.090700703121475,0.153092669088858
0.144120651336814,0.128681078453467,0.0451795418574005,-0.0429312614584459,-0.0790682497203403,-0.0878431884557068,-0.0677710573796994,0.0180002293987698,0.0755520772720844,0.0198501929624467,-0.00980949900804418,0.0152447590341628,0.0519199525642635,0.602706017535717,1.40594222165962
-0.272331194975159,0.0401438691156179,-0.249686300065652,0.297386174773696,0.141478382231015,0.194178338964935,0.265217251181095,0.457398481186792,0.742805787357104,0.962838158750464,0.979198919229984,0.0425178938773442,0.170505385810532,0.049354843123266,0.242948818661438
-0.0703417970770759,0.0239697628326458,-0.131867569076871,0.138022419494382,0.0975134690692978,0.0759067097320289,0.160723573641127,0.098553054425542,0.255876636087361,0.160592132807552,0.152313162367067,0.118293149173373,0.0484456397394578,0.223974302150348,0.328950806287475
-0.0444194410154289,-0.227770410914762,-0.114029937307922,0.0240306935262269,0.108728396574909,-0.0657004567983288,-0.0774650224900133,-0.0191235002396494,-0.101835360608773,0.0198092753022008,0.0586607764927121,-0.0973137075817462,-0.0478533762267079,-0.0826596922532418,0.0380628865573819
-0.0331721102865528,-0.0706511305585483,-0.025500556325901,-0.0103715611009464,0.017165439332969,0.118273440298599,0.0594595651696075,0.0486103327295601,0.0496504628398956,-0.100997433180929,-0.0949004496701166,0.204135556889467,0.139021195337858,0.143214086050696,0.345429195408578
0.201479491492789,0.185569408516848,0.276568400802131,0.013874828280287,0.170312337067597,0.0735930735409355,0.186286659903667,-0.127322217500918,0.00156209082910077,-0.122190827989534,0.140053852412923,-0.0696309019076802,0.145895502529994,-0.132354654550731,0.18426325816298
0.0439098312393421,-0.0569758916380085,0.0834371070657687,-0.138608646250919,-0.0435342162956106,-0.0379603916412772,-0.0357334904695312,-0.0519730227751218,-0.0465863672175686,-0.0283579671536182,0.162998289925647,-0.0724767913827145,-0.024213079334203,-0.0968160336187605,-0.0445919709530768
0.0859150279595429,0.0362802215629993,0.188236199174988,0.0283769431105921,0,-0.0327782144944175,-0.00693525072758036,-0.0835472934938924,0.00750863653444717,-0.00399855043108162,-0.00467357366937595,-0.0848407448013326,-0.0872006185342519,0.0310169496639166,-0.0316048510617031
-0.064312839670733,-0.274229201996751,0.0393996399695232,0.0347131110958548,-0.0470871225424677,-0.0116820624786053,-0.178573109777857,0.0139501893640616,-0.107262386275703,-0.28907458958936,-0.658817938391845,0.444310509746264,0.288119741440296,-0.0798286251595587,-0.248434982310622
-0.0537585129455314,0.320981386830765,0.321597075216275,-0.0252382528835814,-0.263614999008373,-0.0163380800304319,-0.0454419024932562,-0.18184126812791,-0.51265650605944,-0.375260158458906,-0.429191409021267,-0.133554653473057,-0.363845515129843,-0.257889994702204,-0.32689227183526
0.105525521146467,0.131994617397359,0.0649278001234991,-0.0689285675093576,-0.0158340286940486,0.0377870148439698,0.029338725051031,-0.0573501376795598,0.00370163486273398,0.0715346468260842,0.0243300946406018,-0.122131378963721,-0.183360109350121,-0.160631776312925,-0.201688546761624
-0.0303656243981087,0.0602319899023829,0.210285523898769,-0.0187159951809787,-0.0376589635551094,0.0227269427260251,-0.00302843205865538,0.01677372568122,0.0352537264515388,-0.0157008193416977,0,0.0212621366600477,-0.0724027162719053,-0.0403694632423041,-0.128931413097916
0.0503181679437992,-0.0925731002868481,-0.108072071662492,-0.536232756110245,-0.104763884281114,-0.075801176494898,-0.200059234956693,-0.211380064148824,-0.076299671906732,-0.396564152843373,-0.210506937287857,0.00393295461701662,0.0809964450666901,0.439848805143427,0.372632875036115
0.077747847637977,-0.112047720083028,-0.122667857081218,0.0123872348674201,-0.0761239018145112,-0.0468316369819286,-0.133690118270951,-0.0380170039714775,-0.0708882190053779,0.105959734118183,0.117294329870731,0.0381671454835845,-0.193373718127196,0.276502470074395,0.160959585358798
-0.165596069367751,0.016073046944993,-0.363228982878067,0.1987478417783,0.103700918643206,0.0914818492346436,0.110209175563855,0.459973452338878,0.518118822542141,0.645411794270165,0.726100741069684,0.27040270622671,0.287079767050233,0.619260540050943,1.16566860111082
-0.180323115025116,-0.392902491274678,-1.10341991390773,-0.021922284715365,0.0140591952807155,-0.0746806192579461,0.121664299349596,0.120315390019557,0.508185587281034,0.519138045468717,0.638660273877049,-0.178701246116538,0.0600858829041227,0.463371780547571,0.855793677007698
0.0518693105305103,-0.523166114261495,-0.440336719614554,0.105385850903594,0.0933168662150349,-0.0171783793763052,-0.325050892927411,0.0701773995054579,-0.421365238717222,0.0553262780041361,-0.246898261844346,-0.16550794612977,-0.248526505373799,-0.44740950679106,-0.310952355716673
-0.0493858542094464,-0.237184628395828,-0.279629747419323,0.0130088576909285,-0.0543706145443106,-0.202530155513852,-0.172427608866753,-0.0980691433168776,-0.155581214595221,-0.151027501323203,-0.0906454969036867,-0.272237499513983,-0.148311152013138,-0.277081441390402,-0.0363563421260142
0.00143403947965539,-0.0478356824011581,0.130644737175777,-0.131050220930588,-0.208945769915761,-0.0828951420198338,-0.126165557153825,-0.254591001467272,-0.287385444715441,-0.246025627911054,-0.136121292605201,-0.162331224469964,0.0168645025853546,0.0556231663780893,0.365373830224661
-0.0411505935198961,-0.25244172107805,-0.131492696651107,-0.053961445959962,0.00056324724106626,0.0224158472556931,-0.0296488447225728,-0.0444254732583356,0,-0.172185481327239,-0.00670106204772418,0.00422481175367986,0.164225535322604,-0.0145145574911986,0.169148555998674
0.0707863275676972,-0.147106570138957,-0.133688584324336,-0.104615432591843,-0.165136887528783,-0.158093727182226,-0.120558273598291,-0.150440578685071,-0.0388849081029969,-0.0190284091176762,-0.0158371760308236,-0.238004765052232,-0.024643273104152,0.0338857926911216,-0.0734957932741355
0.0369816740603272,-0.0991500273129882,-0.104800884413047,0.0145616048863848,0.234371031259407,0.0851598926320212,0.0979321487244857,-0.0614805817481035,0.0737432791457328,-0.240427934129598,-0.135557295135262,-0.115887240558298,-0.0983849323211843,-0.35870200965774,-0.359094633465261
0.0753944100063308,0.118440776112326,0.20438813184684,-0.142717971199916,-0.19650883319725,-0.111253250937227,-0.18276927428317,-0.178865550435761,-0.133032623197932,-0.180151849342257,-0.0542018555445282,-0.0903929722923576,-0.0532477575448429,0.08529578015488,0.0807077035887617
0.00113019132615554,-0.0973446117152647,0.0168397548309089,-0.0266109284805123,0.00616160152136071,-0.0166408629543007,-0.0355198546391893,-0.077657175588146,-0.0314426618783153,-0.208832427032641,-0.0339713966013052,-0.0791699899923831,-0.0454268748332274,-0.187424143806837,-0.143073595761451
0.485759458868297,0.63961999940569,0.982313783172638,-0.336442716436217,-1.23348795728456,-0.26807977053693,-0.567554324210921,-0.428915252120419,-0.547219342923629,-0.362114421942269,-0.89682411289258,-0.308111862782581,-0.9758350498295,-0.279912416469467,-0.823574292125944
-0.117745183709577,0.230543663336988,-0.29047625512607,0.273753010683338,0.389491502868249,0.293254804993728,0.398845490328891,0.379749460340884,0.58450537942718,0.123311712651657,0.447378071155568,0.0474109233127539,-0.150488489823888,-0.648769393381149,-0.113907764176764
0.00942982506785634,-0.849095970501399,-0.748261375304547,0.348543625168703,0.219888182617464,-0.229361115251868,-0.469877673288922,-0.00630511485410305,-0.483635185108787,0.472631240926575,-0.246955866416675,0.146507210058726,0.054817419419629,0.343950212916371,0.161739236698422
0.0505350090443217,-0.0331941760258114,0.0754271667078737,-0.00667061980713331,-0.0156241404103692,0.0108080602952121,-0.0391409244350802,-0.0246813025309359,-0.0503147090626214,-0.0395212726823091,0.00499369832038517,0.0473988571659108,-0.0265309129370065,-0.119745550233458,-0.0538290943699888
